<?xml version="1.0" standalone="no"?>
<!DOCTYPE svg PUBLIC "-//W3C//DTD SVG 20010904//EN"
 "http://www.w3.org/TR/2001/REC-SVG-20010904/DTD/svg10.dtd">
<svg version="1.0" xmlns="http://www.w3.org/2000/svg"
 width="2499.000000pt" height="2494.000000pt" viewBox="0 0 2499.000000 2494.000000"
 preserveAspectRatio="xMidYMid meet">

<g transform="translate(0.000000,2494.000000) scale(0.100000,-0.100000)"
fill="#000000" stroke="none">
<path d="M7530 17890 l0 -6430 4925 0 4925 0 0 6430 0 6430 -4925 0 -4925 0 0
-6430z m6090 4110 l0 -980 -1165 0 -1165 0 0 980 0 980 1165 0 1165 0 0 -980z
m-3630 -1050 c216 -52 443 -215 549 -394 91 -152 134 -382 112 -587 -23 -210
-89 -362 -216 -497 -165 -175 -376 -273 -625 -289 -235 -15 -465 57 -649 203
-219 173 -321 418 -308 739 8 206 63 369 170 511 128 169 353 296 593 334 88
14 276 4 374 -20z m5818 -2032 c1 -1132 0 -2058 -3 -2058 -3 0 -47 20 -98 44
-354 170 -818 167 -1166 -8 -39 -20 -73 -36 -76 -36 -3 0 -5 927 -5 2060 l0
2060 673 -2 672 -3 3 -2057z m-2188 -2318 l0 -3780 -1165 0 -1165 0 0 3780 0
3780 1165 0 1165 0 0 -3780z m-4470 2293 c181 -89 350 -126 575 -126 227 0
416 42 587 130 40 21 76 39 81 41 4 2 7 -924 7 -2057 l0 -2061 -675 0 -675 0
0 2061 c0 1133 3 2059 8 2057 4 -2 45 -22 92 -45z m6270 -2312 c242 -70 458
-243 555 -446 118 -245 118 -595 0 -840 -97 -203 -314 -377 -555 -446 -107
-30 -322 -37 -445 -14 -297 55 -552 259 -658 525 -56 142 -74 386 -41 561 63
337 324 594 684 674 100 22 362 14 460 -14z"/>
<path d="M895 9604 c-347 -51 -626 -272 -723 -574 -33 -102 -44 -185 -44 -320
0 -144 19 -250 64 -357 106 -256 344 -444 638 -505 134 -28 327 -21 455 17
218 64 410 208 516 386 156 262 155 677 -3 943 -104 175 -317 330 -536 387
-75 20 -294 34 -367 23z"/>
<path d="M9028 8225 c-824 -117 -1436 -597 -1753 -1372 -306 -752 -242 -1831
148 -2471 251 -411 627 -706 1119 -877 190 -66 409 -112 647 -135 145 -14 558
-14 721 0 482 42 971 144 1209 253 l49 22 -88 528 c-49 291 -90 530 -92 532
-2 2 -30 -8 -63 -22 -161 -66 -518 -148 -785 -179 -181 -22 -593 -25 -723 -6
-535 79 -885 356 -972 773 -8 39 -15 77 -15 85 0 12 205 14 1493 16 l1492 3 6
75 c4 41 10 179 14 305 22 658 -105 1224 -363 1620 -261 402 -653 676 -1132
794 -204 50 -313 62 -575 66 -170 3 -268 0 -337 -10z m477 -1080 c259 -45 482
-228 582 -476 36 -88 72 -238 79 -330 l7 -79 -872 0 c-690 0 -871 3 -871 13 0
34 52 234 84 321 108 301 331 497 624 550 104 19 261 19 367 1z"/>
<path d="M13895 8229 c-551 -56 -1038 -282 -1410 -654 -354 -354 -574 -813
-662 -1382 -25 -158 -24 -658 1 -838 49 -359 134 -649 258 -885 358 -681 1049
-1074 1950 -1108 337 -13 657 8 918 59 210 41 506 125 576 163 20 11 20 14
-71 541 -84 488 -93 530 -111 528 -10 -1 -71 -20 -134 -41 -130 -45 -304 -83
-495 -108 -162 -22 -542 -25 -660 -6 -210 34 -408 111 -527 206 -150 120 -272
330 -332 574 -46 184 -51 235 -51 512 0 236 2 277 23 377 58 290 163 498 336
668 106 104 199 162 344 211 154 53 260 68 472 67 267 -1 473 -37 760 -133 63
-21 115 -38 116 -37 0 1 62 236 136 522 l135 520 -51 23 c-76 35 -295 106
-432 141 -143 36 -323 66 -484 81 -132 11 -487 11 -605 -1z"/>
<path d="M17605 8233 c-275 -24 -551 -101 -800 -222 -354 -174 -622 -408 -837
-730 -219 -330 -342 -677 -399 -1126 -17 -132 -17 -559 0 -700 124 -1042 722
-1785 1626 -2020 249 -65 489 -87 800 -73 927 41 1658 581 1959 1447 115 331
164 677 153 1090 -8 299 -41 519 -114 761 -267 884 -950 1459 -1860 1565 -115
13 -414 18 -528 8z m437 -1138 c287 -60 511 -277 631 -610 34 -95 73 -276 88
-404 18 -159 7 -547 -20 -686 -30 -160 -66 -277 -121 -391 -108 -229 -234
-362 -422 -448 -125 -57 -193 -70 -368 -70 -138 1 -164 4 -243 28 -49 14 -112
38 -140 52 -273 137 -450 422 -529 854 -18 98 -22 154 -22 380 0 234 2 280 23
395 52 292 152 513 305 673 112 119 276 206 431 231 39 6 81 13 95 15 43 8
222 -4 292 -19z"/>
<path d="M4300 8209 c-563 -58 -1038 -263 -1383 -598 -332 -322 -528 -720
-609 -1236 -19 -119 -22 -183 -22 -425 -1 -180 4 -325 12 -395 67 -551 239
-942 552 -1256 269 -270 576 -417 1010 -484 142 -22 506 -31 651 -16 209 22
410 71 598 147 l83 33 -5 -177 c-5 -203 -22 -283 -86 -416 -126 -259 -322
-389 -666 -441 -117 -17 -457 -20 -640 -5 -315 27 -598 88 -913 198 -97 35
-144 47 -147 39 -18 -53 -224 -1082 -218 -1087 24 -22 433 -130 654 -174 309
-61 535 -85 869 -93 724 -16 1267 107 1676 378 145 96 333 284 426 424 173
262 267 524 331 925 21 135 21 142 24 2273 l3 2137 -22 9 c-13 5 -97 27 -188
49 -360 89 -756 151 -1200 187 -191 16 -650 18 -790 4z m615 -1049 c55 -5 139
-15 188 -21 l87 -12 0 -1053 0 -1054 -67 -34 c-95 -47 -226 -92 -346 -118
-130 -27 -382 -30 -493 -5 -174 39 -283 96 -394 207 -121 121 -191 266 -242
500 -20 94 -22 133 -22 365 -1 234 2 270 22 365 110 500 380 789 799 854 104
17 328 19 468 6z"/>
<path d="M22160 8209 c-391 -26 -967 -118 -1355 -217 l-110 -28 -3 -2242 -2
-2242 655 0 655 0 2 1793 3 1792 95 11 c52 7 186 18 297 25 296 18 456 -2 613
-79 189 -92 288 -270 347 -622 16 -96 17 -225 20 -1512 l4 -1408 655 0 655 0
-4 1503 c-3 1336 -5 1515 -20 1617 -77 531 -220 864 -487 1130 -272 273 -627
422 -1126 475 -153 16 -673 18 -894 4z"/>
<path d="M330 5514 l0 -2054 665 0 665 0 0 2054 0 2054 -77 -39 c-100 -51
-239 -95 -355 -114 -122 -20 -360 -19 -474 0 -110 19 -277 75 -361 119 l-63
34 0 -2054z"/>
<path d="M11360 2023 c-37 -19 -73 -76 -83 -130 -6 -30 -4 -33 17 -33 14 0 31
-3 39 -6 10 -3 17 4 22 23 17 69 62 80 133 31 125 -86 209 -64 247 65 8 28 14
51 12 52 -1 1 -18 5 -37 8 -33 6 -36 4 -55 -36 -28 -59 -57 -61 -132 -8 -71
49 -115 58 -163 34z"/>
<path d="M7544 1776 c-98 -22 -181 -71 -259 -150 -81 -82 -120 -153 -142 -265
-55 -264 135 -539 411 -598 145 -30 327 14 449 109 l37 30 0 199 0 199 -205 0
-205 0 0 -60 0 -60 135 0 135 0 0 -109 0 -110 -62 -30 c-122 -60 -227 -63
-337 -11 -77 37 -141 102 -183 188 -30 61 -33 74 -33 162 0 87 3 101 33 162
43 88 106 152 190 191 59 28 77 32 147 31 94 -1 171 -27 242 -81 l46 -35 49
49 49 48 -33 28 c-112 96 -318 146 -464 113z"/>
<path d="M9503 1780 c-107 -22 -186 -79 -227 -162 -21 -42 -26 -67 -26 -125 0
-86 19 -133 76 -182 49 -43 102 -66 257 -107 134 -36 190 -59 220 -92 45 -49
36 -133 -19 -181 -101 -89 -322 -60 -458 60 l-34 29 -42 -55 -43 -56 34 -29
c99 -84 221 -124 374 -124 135 1 204 24 277 91 60 57 83 115 83 209 -1 58 -5
78 -28 117 -47 80 -116 118 -305 167 -143 37 -217 72 -237 110 -35 69 -5 145
75 188 87 46 247 15 352 -69 l37 -29 40 52 c32 42 37 55 28 67 -23 27 -114 80
-174 100 -70 24 -199 34 -260 21z"/>
<path d="M12593 1775 c-96 -21 -193 -77 -265 -154 -74 -78 -114 -155 -135
-260 -71 -342 258 -668 601 -598 108 22 176 58 256 133 109 104 160 222 160
373 0 156 -49 270 -160 375 -78 73 -147 110 -245 131 -84 18 -130 18 -212 0z
m192 -130 c114 -30 194 -99 249 -215 28 -58 31 -74 31 -160 0 -86 -3 -102 -31
-160 -55 -117 -136 -185 -254 -216 -234 -60 -468 155 -447 409 11 129 95 255
206 311 92 47 154 55 246 31z"/>
<path d="M14274 1775 c-101 -22 -171 -62 -255 -145 -84 -84 -122 -150 -145
-258 -17 -84 -17 -120 0 -204 46 -212 225 -379 441 -410 136 -19 291 25 386
112 l44 39 -47 47 -46 47 -40 -32 c-117 -92 -251 -112 -374 -54 -84 39 -147
103 -190 191 -30 61 -33 74 -33 162 0 88 3 101 34 164 43 88 104 149 189 189
123 58 257 38 374 -54 l40 -32 46 47 47 47 -44 39 c-56 51 -129 86 -216 105
-84 18 -130 18 -211 0z"/>
<path d="M15293 1775 c-96 -21 -193 -77 -265 -154 -74 -78 -114 -155 -135
-260 -71 -342 258 -668 601 -598 108 22 176 58 256 133 109 104 160 222 160
373 0 156 -49 270 -160 375 -78 73 -147 110 -245 131 -84 18 -130 18 -212 0z
m192 -130 c114 -30 194 -99 249 -215 28 -58 31 -74 31 -160 0 -86 -3 -102 -31
-160 -55 -117 -136 -185 -254 -216 -234 -60 -468 155 -447 409 11 129 95 255
206 311 92 47 154 55 246 31z"/>
<path d="M18833 1775 c-96 -21 -193 -77 -265 -154 -74 -78 -114 -155 -135
-260 -71 -342 258 -668 601 -598 108 22 176 58 256 133 109 104 160 222 160
373 0 156 -49 270 -160 375 -78 73 -147 110 -245 131 -84 18 -130 18 -212 0z
m192 -130 c114 -30 194 -99 249 -215 28 -58 31 -74 31 -160 0 -86 -3 -102 -31
-160 -55 -117 -136 -185 -254 -216 -234 -60 -468 155 -447 409 11 129 95 255
206 311 92 47 154 55 246 31z"/>
<path d="M8290 1270 l0 -500 365 0 365 0 0 65 0 65 -292 2 -293 3 -3 153 -3
152 266 0 265 0 0 65 0 65 -262 2 -263 3 0 145 0 145 293 3 292 2 0 65 0 65
-365 0 -365 0 0 -500z"/>
<path d="M10160 1705 l0 -65 160 0 160 0 0 -435 0 -435 70 0 70 0 2 433 3 432
163 3 162 2 0 65 0 65 -395 0 -395 0 0 -65z"/>
<path d="M11411 1728 c-65 -151 -395 -917 -402 -936 -9 -23 -9 -23 72 -20 l81
3 42 100 42 100 263 0 263 0 42 -100 43 -100 81 -3 80 -3 -213 498 -214 498
-80 3 -81 3 -19 -43z m203 -386 c53 -122 96 -225 96 -227 0 -3 -90 -5 -200 -5
-110 0 -200 3 -200 8 0 18 196 460 201 454 4 -4 50 -107 103 -230z"/>
<path d="M16160 1270 l0 -500 70 0 70 0 0 375 c0 206 3 375 8 375 4 0 135
-169 291 -375 l283 -375 69 0 69 0 0 500 0 500 -70 0 -70 0 -2 -377 -3 -377
-285 377 -285 377 -72 0 -73 0 0 -500z"/>
<path d="M17320 1270 l0 -502 233 4 c221 4 236 5 311 32 192 66 312 205 339
392 36 250 -101 465 -348 545 -62 20 -96 23 -302 27 l-233 4 0 -502z m442 359
c119 -26 224 -106 271 -207 17 -38 21 -66 22 -152 0 -96 -2 -110 -28 -160 -37
-72 -89 -125 -157 -160 -76 -39 -155 -52 -290 -48 l-115 3 -3 355 c-1 195 0
361 3 367 6 17 222 18 297 2z"/>
<path d="M19700 1270 l0 -500 70 0 70 0 0 350 c0 193 3 350 8 350 4 0 83 -144
177 -319 l170 -319 25 46 c14 26 91 170 170 319 80 150 148 273 153 273 4 0 7
-157 7 -350 l0 -350 70 0 70 0 0 500 0 500 -73 0 -73 0 -173 -325 c-95 -179
-174 -325 -176 -325 -2 0 -81 146 -176 325 l-173 325 -73 0 -73 0 0 -500z"/>
<path d="M20970 1270 l0 -500 70 0 70 0 0 500 0 500 -70 0 -70 0 0 -500z"/>
<path d="M21400 1270 l0 -500 70 0 70 0 0 375 c0 206 3 375 8 375 4 0 135
-169 291 -375 l283 -375 69 0 69 0 0 500 0 500 -70 0 -70 0 -2 -377 -3 -377
-285 377 -285 377 -72 0 -73 0 0 -500z"/>
<path d="M22550 1270 l0 -500 70 0 70 0 0 500 0 500 -70 0 -70 0 0 -500z"/>
<path d="M23301 1728 c-65 -151 -395 -917 -402 -936 -9 -23 -9 -23 72 -20 l81
3 42 100 42 100 263 0 263 0 42 -100 43 -100 81 -3 80 -3 -213 498 -214 498
-80 3 -81 3 -19 -43z m203 -386 c53 -122 96 -225 96 -227 0 -3 -90 -5 -200 -5
-110 0 -200 3 -200 8 0 18 196 460 201 454 4 -4 50 -107 103 -230z"/>
<path d="M24090 1270 l0 -500 335 0 335 0 0 65 0 65 -262 2 -263 3 -3 433 -2
432 -70 0 -70 0 0 -500z"/>
</g>
</svg>
